COMID,Row,Col,Elev,QBaseflow,q_1,v_1,t_1,wse_1,q_2,v_2,t_2,wse_2,q_3,v_3,t_3,wse_3,q_4,v_4,t_4,wse_4,q_5,v_5,t_5,wse_5,q_6,v_6,t_6,wse_6,q_7,v_7,t_7,wse_7,q_8,v_8,t_8,wse_8,q_9,v_9,t_9,wse_9,q_10,v_10,t_10,wse_10,q_11,v_11,t_11,wse_11,q_12,v_12,t_12,wse_12,q_13,v_13,t_13,wse_13,q_14,v_14,t_14,wse_14,q_15,v_15,t_15,wse_15
441090206,19,2,1275.5,360.792,7.285,0.957,21.582,1276.205,46.254,1.519,43.164,1276.911,60.905,0.95,50.514,1277.616,128.672,1.266,55.708,1278.321,222.638,1.56,60.902,1279.027,344.722,1.838,66.096,1279.732,333.049,1.408,77.745,1280.437,529.141,1.755,105.453,1281.143,774.649,2.039,116.722,1281.848,1085.498,2.328,127.99,1282.553,1469.809,2.623,139.258,1283.259,1948.213,2.922,162.864,1283.964,2569.433,3.233,210.54,1284.669,3450.437,3.616,241.55,1285.375,5026.199,3.993,528.376,1286.08
441090206,20,3,1275.5,360.792,3.107,0.974,10.706,1276.096,19.727,1.546,21.412,1276.692,58.161,2.026,32.118,1277.288,125.258,2.454,42.824,1277.884,227.107,2.847,53.53,1278.48,369.301,3.215,64.236,1279.076,226.95,1.255,151.823,1279.672,442.953,1.571,179.322,1280.268,729.965,1.858,193.038,1280.864,1228.348,2.399,206.077,1281.46,1765.003,2.77,214.109,1282.056,2399.966,3.128,222.141,1282.652,3136.434,3.477,230.173,1283.248,3977.962,3.819,238.205,1283.844,5008.179,4.16,280.865,1284.44
441090206,21,4,1275.5,360.792,3.02,1.154,9.472,1276.053,19.173,1.831,18.944,1276.605,56.528,2.4,28.415,1277.158,121.74,2.907,37.887,1277.711,220.73,3.373,47.359,1278.263,358.931,3.809,56.831,1278.816,126.181,0.965,128.626,1279.369,339.499,1.474,207.302,1279.921,685.013,1.946,233.245,1280.474,1277.371,2.48,289.019,1281.027,2015.674,2.972,301.393,1281.579,1958.92,2.309,317.131,1282.132,2376.914,2.308,339.573,1282.685,3822.077,3.09,391.636,1283.237,5012.401,3.441,403.435,1283.79
441090206,21,5,1275.5,360.792,3.225,1.415,8.977,1276.008,20.479,2.245,17.953,1276.516,60.38,2.942,26.93,1277.024,130.035,3.564,35.906,1277.532,235.769,4.136,44.883,1278.04,383.387,4.671,53.859,1278.548,578.311,5.176,62.836,1279.056,206.274,1.281,171.521,1279.564,343.5,1.292,231.704,1280.072,726.437,1.841,271.146,1280.58,1313.9,2.325,324.414,1281.088,2022.391,2.761,334.609,1281.596,2874.088,3.176,344.804,1282.104,3870.8,3.575,354.999,1282.612,5015.308,3.962,365.194,1283.12
441090206,22,6,1276.0,360.792,0.942,0.612,8.151,1276.378,5.984,0.971,16.302,1276.756,17.642,1.272,24.453,1277.134,37.993,1.541,32.604,1277.512,68.886,1.789,40.755,1277.89,112.017,2.02,48.906,1278.268,168.969,2.238,57.057,1278.646,241.242,2.447,65.208,1279.024,345.012,2.715,114.667,1279.402,627.144,3.149,222.487,1279.78,1100.931,3.846,238.103,1280.158,1691.685,4.461,253.72,1280.536,2736.609,5.725,269.321,1280.914,3787.91,6.506,281.715,1281.292,5023.153,7.269,294.108,1281.67
441090206,22,7,1276.0,360.792,3.914,1.213,11.446,1276.564,24.852,1.925,22.892,1277.128,73.271,2.522,34.339,1277.692,157.798,3.055,45.785,1278.256,286.107,3.546,57.231,1278.82,173.093,1.485,89.737,1279.384,279.151,1.457,166.867,1279.948,301.066,0.962,235.101,1280.512,618.846,1.366,259.661,1281.076,998.446,1.653,276.243,1281.64,1476.406,1.931,292.826,1282.204,2059.507,2.204,309.408,1282.768,2829.568,2.494,374.718,1283.332,3789.081,2.799,402.466,1283.896,5012.978,3.117,485.985,1284.46
441090206,23,8,1276.0,360.792,2.704,0.981,10.583,1276.521,17.166,1.558,21.166,1277.041,50.612,2.041,31.749,1277.562,108.999,2.473,42.332,1278.083,197.628,2.869,52.915,1278.603,321.365,3.24,63.498,1279.124,244.917,1.779,96.046,1279.645,245.975,1.214,149.434,1280.165,498.334,1.645,217.599,1280.686,859.171,2.041,235.974,1281.207,1330.642,2.426,254.35,1281.727,1922.791,2.804,272.725,1282.248,2715.545,3.19,342.863,1282.769,3758.824,3.62,372.829,1283.289,5019.222,4.051,397.417,1283.81
441090206,24,9,1276.0,360.792,4.323,0.975,17.125,1276.518,27.452,1.547,34.249,1277.036,34.353,0.861,51.058,1277.554,75.548,1.081,64.603,1278.072,136.116,1.274,78.148,1278.59,218.58,1.449,91.693,1279.108,255.628,1.263,109.656,1279.626,345.538,1.296,139.113,1280.144,546.866,1.578,169.216,1280.662,955.405,2.162,198.623,1281.18,1376.482,2.492,227.622,1281.698,1922.128,2.836,260.718,1282.216,2657.388,3.193,344.899,1282.734,3706.297,3.629,382.769,1283.252,5000.423,4.077,409.51,1283.77
441090206,24,10,1276.0,360.792,3.056,1.024,11.261,1276.53,19.406,1.626,22.521,1277.06,57.215,2.13,33.782,1277.59,123.22,2.581,45.042,1278.12,223.412,2.995,56.303,1278.65,167.324,1.557,70.14,1279.18,224.227,1.393,120.772,1279.71,359.398,1.536,154.488,1280.24,556.991,1.718,185.149,1280.77,819.114,1.911,208.417,1281.3,1371.717,2.516,234.72,1281.83,1976.115,2.895,277.417,1282.36,2752.844,3.297,297.674,1282.89,3690.4,3.697,317.969,1283.42,5025.33,4.135,410.653,1283.95
441090206,25,11,1276.5,360.792,3.537,1.055,13.041,1277.014,22.46,1.675,26.082,1277.528,66.22,2.195,39.123,1278.042,142.614,2.66,52.164,1278.556,258.576,3.086,65.205,1279.07,139.527,1.145,86.991,1279.584,208.65,1.199,115.953,1280.098,393.355,1.639,137.484,1280.612,605.991,1.88,192.641,1281.126,960.719,2.255,210.932,1281.64,1416.653,2.627,229.223,1282.154,1989.485,2.997,260.243,1282.668,2733.917,3.389,292.942,1283.182,3680.622,3.787,354.897,1283.696,5011.717,4.249,422.005,1284.21
441090206,26,12,1276.5,360.792,4.783,1.281,13.717,1277.045,30.373,2.033,27.433,1277.589,89.55,2.664,41.15,1278.134,192.857,3.227,54.867,1278.679,373.32,3.984,71.231,1279.223,176.708,1.282,90.662,1279.768,279.472,1.453,109.517,1280.313,351.477,1.365,129.87,1280.857,489.275,1.466,150.457,1281.402,753.989,1.786,175.801,1281.947,1034.592,1.968,204.238,1282.491,1383.57,2.151,227.154,1283.036,2586.191,3.327,298.614,1283.581,3604.314,3.782,344.347,1284.125,5005.045,4.276,428.34,1284.67
441090206,27,13,1276.5,360.792,4.354,3.95,6.298,1276.85,27.643,6.271,12.595,1277.2,81.501,8.217,18.893,1277.55,175.523,9.954,25.191,1277.9,318.245,11.55,31.489,1278.25,517.501,13.043,37.786,1278.6,780.614,14.455,44.084,1278.95,1114.503,15.801,50.382,1279.3,668.534,6.702,94.313,1279.65,1072.655,7.968,104.97,1280.0,1591.206,9.186,115.628,1280.35,2234.476,10.366,126.286,1280.7,3022.839,11.567,134.548,1281.05,3947.745,12.747,141.821,1281.4,5008.45,13.889,149.095,1281.75
441090206,28,14,1277.0,360.792,0.916,0.515,8.045,1277.442,5.813,0.817,16.091,1277.884,17.139,1.071,24.136,1278.326,36.912,1.298,32.181,1278.768,66.926,1.506,40.226,1279.21,108.828,1.7,48.272,1279.652,286.834,2.554,126.41,1280.094,550.315,3.244,132.981,1280.536,882.67,3.84,139.552,1280.978,1280.625,4.371,146.124,1281.42,1742.444,4.853,152.695,1281.862,2267.268,5.298,159.266,1282.304,2854.796,5.712,165.837,1282.746,3505.096,6.1,172.409,1283.188,6804.035,10.394,201.994,1283.63
441090206,28,15,1277.0,360.792,3.07,1.015,12.834,1277.471,19.495,1.611,25.669,1277.943,57.478,2.111,38.503,1278.414,123.786,2.558,51.337,1278.885,293.669,3.886,63.418,1279.357,478.293,4.445,72.463,1279.828,378.001,2.612,89.47,1280.299,477.333,2.47,116.346,1280.771,894.055,3.088,170.099,1281.242,1346.198,3.623,178.207,1281.713,1891.214,4.134,186.315,1282.185,2532.153,4.627,194.423,1282.656,3272.421,5.107,202.531,1283.127,4115.647,5.576,210.639,1283.599,5022.083,5.859,304.816,1284.07
441090206,29,16,1277.0,360.792,2.463,1.052,8.103,1277.578,15.642,1.67,16.207,1278.156,46.117,2.188,24.31,1278.734,99.318,2.651,32.413,1279.312,180.075,3.076,40.516,1279.89,292.822,3.473,48.62,1280.468,441.701,3.849,56.723,1281.046,260.97,1.725,73.161,1281.624,334.786,1.673,95.924,1282.202,657.242,2.12,163.072,1282.78,784.721,1.919,181.474,1283.358,1216.224,2.319,222.491,1283.936,1750.575,2.532,367.209,1284.514,3366.513,3.649,425.55,1285.092,5026.098,4.264,458.325,1285.67
441090206,30,17,1277.0,360.792,1.935,1.044,6.918,1277.536,12.288,1.657,13.835,1278.072,36.23,2.171,20.753,1278.608,78.026,2.63,27.67,1279.144,141.471,3.052,34.588,1279.68,230.047,3.447,41.506,1280.216,347.01,3.82,48.423,1280.752,495.436,4.176,55.341,1281.288,347.469,2.17,105.778,1281.824,586.023,2.645,123.463,1282.36,914.297,3.124,143.081,1282.896,1502.242,3.988,171.195,1283.432,2214.142,4.552,234.796,1283.968,3252.781,5.227,280.648,1284.504,5000.087,5.715,504.275,1285.04
441090206,30,18,1277.5,360.792,3.228,1.0,12.495,1278.017,20.499,1.588,24.991,1278.533,60.439,2.08,37.486,1279.05,130.163,2.52,49.981,1279.567,104.177,1.298,60.316,1280.083,170.365,1.495,70.143,1280.6,255.92,1.676,79.97,1281.117,362.552,1.844,89.797,1281.633,406.298,1.52,148.028,1282.15,567.633,1.626,168.728,1282.667,1268.896,2.85,209.458,1283.183,1861.676,3.293,255.34,1283.7,2694.703,3.788,297.274,1284.217,3747.32,4.305,318.715,1284.733,5012.383,4.816,340.691,1285.25
441090206,31,19,1277.5,360.792,3.081,1.099,9.168,1278.111,19.564,1.745,18.336,1278.723,57.681,2.287,27.504,1279.334,124.224,2.771,36.672,1279.945,225.233,3.215,45.84,1280.557,366.253,3.63,55.008,1281.168,133.434,0.97,69.473,1281.779,201.133,0.928,149.266,1282.391,323.455,1.015,186.55,1283.002,599.844,1.355,216.702,1283.613,997.506,1.652,291.931,1284.225,1604.996,1.99,357.714,1284.836,2415.919,2.34,381.134,1285.447,3417.441,2.683,410.614,1286.059,5008.693,3.105,520.957,1286.67
441090206,32,20,1277.5,360.792,2.964,1.047,10.851,1278.022,18.821,1.661,21.703,1278.544,55.491,2.177,32.554,1279.066,119.506,2.637,43.406,1279.588,238.153,3.357,55.224,1280.11,387.459,3.76,67.795,1280.632,588.799,4.154,80.366,1281.154,848.487,4.538,92.937,1281.676,1467.261,6.003,128.208,1282.198,723.824,2.077,220.305,1282.72,1179.519,2.518,239.141,1283.242,1764.884,2.951,257.977,1283.764,2547.893,3.38,335.927,1284.286,3640.543,3.879,371.736,1284.808,5024.935,4.381,423.819,1285.33
441090206,32,21,1277.5,360.792,2.473,1.174,8.032,1278.025,15.704,1.863,16.064,1278.549,46.3,2.442,24.096,1279.074,99.713,2.958,32.128,1279.599,180.791,3.432,40.16,1280.123,293.987,3.876,48.192,1280.648,443.458,4.295,56.224,1281.173,633.137,4.695,64.256,1281.697,1590.398,7.755,165.077,1282.222,570.377,1.901,194.671,1282.747,793.201,1.94,220.154,1283.271,1636.409,3.065,257.622,1283.796,2419.613,3.569,287.678,1284.321,3404.511,4.078,310.357,1284.845,5029.129,4.699,411.952,1285.37
441090206,32,22,1278.0,360.792,1.848,1.075,7.782,1278.442,11.737,1.706,15.564,1278.884,34.604,2.236,23.346,1279.326,74.525,2.708,31.127,1279.768,135.123,3.143,38.909,1280.21,219.724,3.549,46.691,1280.652,331.438,3.933,54.473,1281.094,473.203,4.299,62.255,1281.536,348.117,2.243,124.534,1281.978,727.505,3.307,163.497,1282.42,1187.757,3.983,190.443,1282.862,1813.418,4.667,220.083,1283.304,2645.79,5.364,253.699,1283.746,3725.831,6.112,271.862,1284.188,5016.661,6.828,296.143,1284.63
441090206,33,23,1278.0,360.792,3.553,1.411,9.291,1278.542,22.563,2.24,18.583,1279.084,66.523,2.935,27.874,1279.626,143.265,3.556,37.166,1280.168,259.756,4.126,46.457,1280.71,422.392,4.66,55.749,1281.252,185.146,1.444,99.135,1281.794,366.05,1.929,132.795,1282.336,668.211,2.436,180.262,1282.878,1158.525,3.016,221.295,1283.42,1855.834,3.627,248.49,1283.962,2769.42,4.24,273.183,1284.504,3923.423,4.858,295.833,1285.046,3601.835,3.619,384.086,1285.588,5022.197,4.111,454.458,1286.13
441090206,34,25,1278.0,360.792,2.936,1.785,7.153,1278.46,18.645,2.833,14.305,1278.92,54.971,3.713,21.458,1279.38,118.387,4.498,28.611,1279.84,214.65,5.219,35.764,1280.3,349.045,5.894,42.916,1280.76,526.509,6.531,50.069,1281.22,783.48,6.998,96.089,1281.68,1350.006,8.382,117.464,1282.14,487.287,2.208,143.415,1282.6,985.162,3.367,164.975,1283.06,1537.432,4.064,245.384,1283.52,2438.729,4.861,282.508,1283.98,3600.847,5.668,298.339,1284.44,5005.765,6.445,321.102,1284.9
441090206,34,26,1278.0,360.792,1.946,1.573,6.178,1278.401,12.359,2.496,12.356,1278.801,36.438,3.271,18.534,1279.202,78.473,3.963,24.711,1279.603,142.281,4.598,30.889,1280.003,231.365,5.193,37.067,1280.404,348.998,5.755,43.245,1280.805,498.274,6.291,49.423,1281.205,713.2,6.609,100.853,1281.606,684.98,4.469,124.067,1282.007,978.014,4.75,138.46,1282.407,1324.656,5.013,152.854,1282.808,2360.943,7.194,165.128,1283.209,3565.911,8.932,199.138,1283.609,5008.065,9.921,266.633,1284.01
441090206,33,24,1278.0,360.792,2.804,2.701,6.034,1278.344,17.802,4.288,12.069,1278.688,52.487,5.619,18.103,1279.032,113.038,6.807,24.138,1279.376,204.952,7.899,30.172,1279.72,333.275,8.919,36.206,1280.064,502.721,9.885,42.241,1280.408,717.748,10.805,48.275,1280.752,982.605,11.688,54.31,1281.096,1301.364,12.538,60.344,1281.44,1975.863,14.848,101.325,1281.784,1849.851,10.842,117.921,1282.128,2397.925,11.193,135.718,1282.472,3067.814,11.621,153.516,1282.816,5028.173,15.719,174.377,1283.16
441090206,34,25,1278.0,360.792,2.798,1.616,7.324,1278.473,17.764,2.566,14.649,1278.945,52.374,3.362,21.973,1279.418,112.793,4.073,29.297,1279.891,204.508,4.726,36.622,1280.363,332.552,5.337,43.946,1280.836,501.631,5.914,51.271,1281.309,790.148,6.5,100.172,1281.781,1349.956,7.762,121.443,1282.254,456.208,1.918,150.192,1282.727,1023.723,3.26,168.571,1283.199,1587.63,3.834,259.882,1283.672,2493.02,4.574,286.556,1284.145,3628.548,5.303,302.593,1284.617,5005.678,6.002,336.708,1285.09
441090206,34,26,1278.0,360.792,1.865,1.475,6.219,1278.407,11.84,2.341,12.439,1278.813,34.909,3.067,18.658,1279.22,75.18,3.716,24.878,1279.627,136.311,4.312,31.097,1280.033,221.657,4.869,37.317,1280.44,334.353,5.396,43.536,1280.847,477.365,5.898,49.755,1281.253,709.996,6.282,105.197,1281.66,668.715,4.16,126.281,1282.067,959.17,4.464,139.895,1282.473,1300.718,4.738,153.509,1282.88,2326.465,6.853,165.037,1283.287,3508.399,8.31,250.185,1283.693,5016.484,9.488,273.588,1284.1
441090206,35,27,1278.5,360.792,1.635,1.528,6.076,1278.852,10.379,2.426,12.152,1279.204,30.6,3.179,18.228,1279.556,65.901,3.852,24.305,1279.908,119.487,4.469,30.381,1280.26,194.299,5.047,36.457,1280.612,293.087,5.593,42.533,1280.964,418.448,6.114,48.609,1281.316,338.961,3.221,133.413,1281.668,757.596,4.853,153.46,1282.02,1242.864,5.86,164.679,1282.372,1852.954,6.811,175.897,1282.724,2594.146,7.722,187.116,1283.076,3474.427,8.61,196.373,1283.428,5013.002,10.573,206.448,1283.78
441090206,35,27,1278.5,360.792,2.318,1.291,7.804,1278.96,14.716,2.05,15.609,1279.42,43.386,2.686,23.413,1279.88,93.438,3.253,31.218,1280.34,169.414,3.775,39.022,1280.8,275.486,4.263,46.826,1281.26,114.536,1.014,133.909,1281.72,325.313,1.809,154.427,1282.18,575.273,2.263,168.955,1282.64,906.306,2.703,183.483,1283.1,1324.955,3.135,195.6,1283.56,1910.152,3.693,222.009,1284.02,2725.98,4.213,293.374,1284.48,3755.273,4.776,312.22,1284.94,5000.129,5.257,375.68,1285.4
441090206,35,28,1278.5,360.792,1.541,1.112,6.913,1278.901,9.782,1.766,13.826,1279.301,28.84,2.314,20.738,1279.702,62.11,2.803,27.651,1280.103,112.613,3.253,34.564,1280.503,183.122,3.673,41.477,1280.904,276.226,4.071,48.389,1281.305,569.57,5.131,114.707,1281.705,477.039,2.973,132.118,1282.106,682.437,3.147,149.416,1282.507,1353.898,4.812,173.639,1282.907,1954.82,5.501,191.552,1283.308,2686.946,6.192,200.694,1283.709,3986.715,7.671,227.538,1284.109,5011.746,8.0,289.381,1284.51
441090206,35,29,1278.5,360.792,1.665,1.163,7.015,1278.908,10.57,1.846,14.03,1279.316,31.163,2.42,21.045,1279.724,67.113,2.931,28.06,1280.132,121.683,3.401,35.075,1280.54,197.87,3.841,42.09,1280.948,298.473,4.256,49.105,1281.356,315.472,2.548,123.19,1281.764,558.91,3.177,132.235,1282.172,872.998,3.767,141.281,1282.58,1261.243,4.331,150.327,1282.988,1834.87,5.177,161.463,1283.396,2509.41,5.662,227.402,1283.804,3628.956,6.487,297.343,1284.212,5027.751,7.331,321.373,1284.62
441090206,34,30,1281.57,360.792,867.998,7.593,111.156,1281.793,252.598,1.794,126.491,1282.015,298.003,1.746,141.765,1282.238,565.115,2.771,157.713,1282.461,742.169,3.081,174.375,1282.683,957.93,3.402,188.716,1282.906,1223.206,3.772,195.814,1283.129,1513.419,4.101,206.229,1283.351,1843.916,4.431,216.643,1283.574,2217.262,4.763,227.058,1283.797,2636.047,5.096,237.472,1284.019,3100.641,5.422,257.212,1284.242,3642.282,5.761,283.103,1284.465,4269.39,6.124,300.743,1284.687,5032.206,6.489,355.812,1284.91
441090206,36,31,1278.5,360.792,1.007,0.96,5.766,1278.864,6.396,1.524,11.533,1279.228,18.858,1.997,17.299,1279.592,40.613,2.419,23.065,1279.956,73.637,2.807,28.831,1280.32,119.741,3.169,34.598,1280.684,180.621,3.512,40.364,1281.048,257.877,3.839,46.13,1281.412,353.037,4.153,51.897,1281.776,643.073,4.91,122.494,1282.14,1023.717,5.752,135.783,1282.504,1501.273,6.532,149.073,1282.868,2700.36,9.117,206.729,1283.232,3739.229,9.883,248.611,1283.596,5012.246,10.412,312.21,1283.96
441090206,36,32,1279.0,360.792,0.838,0.794,6.166,1279.342,5.319,1.261,12.333,1279.684,15.682,1.652,18.499,1280.026,33.773,2.002,24.665,1280.368,61.235,2.323,30.831,1280.71,99.575,2.623,36.998,1281.052,150.201,2.907,43.164,1281.394,214.447,3.178,49.33,1281.736,293.58,3.437,55.497,1282.078,488.383,3.948,127.352,1282.42,996.258,5.819,177.783,1282.762,1597.081,6.697,214.706,1283.104,2382.577,7.326,277.17,1283.446,3535.936,8.308,309.68,1283.788,5015.162,9.352,332.668,1284.13
441090206,36,33,1279.0,360.792,0.8,0.739,6.196,1279.349,5.077,1.173,12.391,1279.699,14.97,1.537,18.587,1280.048,32.24,1.862,24.783,1280.397,58.455,2.161,30.978,1280.747,95.054,2.44,37.174,1281.096,143.381,2.704,43.37,1281.445,204.71,2.956,49.565,1281.795,280.249,3.197,55.761,1282.144,453.779,4.003,107.164,1282.493,980.153,6.042,180.994,1282.843,1615.34,6.931,219.466,1283.192,2394.141,7.473,279.822,1283.541,3600.779,8.512,307.906,1283.891,5015.409,9.34,344.834,1284.24
441090206,36,34,1279.0,360.792,1.954,0.899,8.748,1279.497,12.405,1.428,17.496,1279.993,36.574,1.871,26.243,1280.49,78.768,2.266,34.991,1280.987,142.815,2.63,43.739,1281.483,232.233,2.97,52.487,1281.98,97.553,0.901,97.434,1282.477,206.985,1.142,198.965,1282.973,453.95,1.546,279.315,1283.47,886.79,2.013,311.436,1283.967,1486.49,2.464,345.618,1284.463,2273.839,2.896,410.24,1284.96,3414.009,3.368,500.908,1285.457,3886.557,3.029,609.804,1285.953,5019.21,3.111,682.222,1286.45
441090206,36,35,1279.0,360.792,2.593,0.962,9.773,1279.552,16.468,1.526,19.545,1280.104,48.552,2.0,29.318,1280.656,104.563,2.423,39.09,1281.208,189.586,2.812,48.863,1281.76,308.287,3.175,58.635,1282.312,181.844,1.084,185.097,1282.864,447.349,1.536,275.336,1283.416,930.164,2.047,316.352,1283.968,1629.927,2.549,352.518,1284.52,2572.253,3.043,395.816,1285.072,3819.804,3.526,481.665,1285.624,3198.893,2.28,665.47,1286.176,3579.37,1.995,736.269,1286.728,5007.235,2.241,807.603,1287.28
441090206,36,36,1279.5,360.792,1.145,0.751,7.916,1279.885,7.271,1.192,15.833,1280.271,21.437,1.562,23.749,1280.656,46.167,1.892,31.666,1281.041,83.706,2.195,39.582,1281.427,136.116,2.479,47.499,1281.812,205.321,2.747,55.415,1282.197,137.73,1.393,102.664,1282.583,316.675,1.957,202.91,1282.968,649.612,2.554,264.459,1283.353,1148.726,3.166,305.061,1283.739,1849.211,3.796,333.046,1284.124,2730.423,4.41,351.851,1284.509,3782.522,4.984,377.849,1284.895,5009.794,5.47,443.23,1285.28
441090206,36,37,1279.5,360.792,2.25,0.801,10.699,1280.025,14.284,1.272,21.399,1280.549,42.114,1.667,32.098,1281.074,90.697,2.02,42.797,1281.599,164.444,2.344,53.497,1282.123,66.982,0.607,137.485,1282.648,190.079,0.95,217.364,1283.173,421.011,1.301,254.191,1283.697,799.374,1.667,322.936,1284.222,1347.478,2.046,359.286,1284.747,2082.248,2.414,435.236,1285.271,3107.242,2.802,536.699,1285.796,4558.567,3.249,587.396,1286.321,3532.69,1.999,779.164,1286.845,5013.034,2.297,804.584,1287.37
441090206,36,38,1279.5,360.792,2.386,0.749,11.327,1280.063,15.149,1.188,22.654,1280.625,44.665,1.557,33.982,1281.188,96.193,1.887,45.309,1281.751,174.409,2.189,56.636,1282.313,72.014,0.489,165.089,1282.876,194.018,0.755,241.009,1283.439,413.268,1.017,290.872,1284.001,760.36,1.293,341.817,1284.564,1232.253,1.562,400.365,1285.127,1907.787,1.852,463.044,1285.689,2918.465,2.174,593.646,1286.252,2743.329,1.591,737.213,1286.815,3608.979,1.662,837.137,1287.377,5017.87,1.895,856.24,1287.94
441090206,36,39,1279.5,360.792,1.884,0.664,10.674,1280.031,11.963,1.055,21.348,1280.563,35.271,1.382,32.022,1281.094,75.961,1.674,42.696,1281.625,137.727,1.943,53.37,1282.157,46.647,0.439,112.079,1282.688,84.981,0.456,181.362,1283.219,218.727,0.728,260.979,1283.751,443.767,0.962,330.018,1284.282,780.241,1.2,390.24,1284.813,1262.174,1.45,434.33,1285.345,1928.773,1.708,522.25,1285.876,2771.913,1.894,648.522,1286.407,3647.271,1.984,755.796,1286.939,5012.23,2.212,834.778,1287.47
